user_id	user_name	first_edit	last_edit	edit_count	es_0_start	es_0_end	es_0_edits	es_0_reverted	es_0_vandalism	es_0_deleted	es_1_start	es_1_end	es_1_edits	es_1_reverted	es_1_vandalism	es_1_deleted	es_2_start	es_2_end	es_2_edits	es_2_reverted	es_2_vandalism	es_2_deleted
1	Damian Yerrick	20010929004320	20110715131605	13196	1001724200	1001724224	2	0	0	0	1001735270	1001735270	1	0	0	0	1001778000	1001781732	4	1	0	1
2	AxelBoldt	20010726145009	20110715175901	34804	996159009	996159009	1	0	0	0	996164049	996164049	1	0	0	0	996175238	996177464	3	0	0	0
3	Tobias Hoevekamp	20010326202105	20040329205621	1903	985638065	985638065	1	1	0	0	985683223	985683379	2	0	0	0	985944995	985944995	1	0	0	0
4	Magnus Manske	20010728082538	20110714220907	20038	996308738	996308738	1	0	0	0	996429215	996429215	2	2	0	0	996439880	996439880	1	0	0	0
5	Hoevekam	20030709192137	20041227165610	3	1057778497	1057778497	1	0	0	0	1095446631	1095446631	1	0	0	0	1104166570	1104166570	1	0	0	0
6	Paul Drye	20010919131128	20080605202716	1135	1000905088	1000906103	5	3	0	0	1001350404	1001350920	2	0	0	0	1001359775	1001359775	1	0	0	0
7	Joao	20010826124114	20040606005523	266	998829674	998832110	6	0	0	0	998850967	998852514	3	0	0	0	998856582	998856582	1	0	0	0
8	TwoOneTwo	20010909202356	20110205015022	2135	1000067036	1000067036	1	0	0	0	1000157045	1000157045	1	0	0	0	1000326898	1000326898	1	0	0	0
9	Chenyu	20011118233022	20020124230110	166	1006126222	1006130510	5	0	0	0	1006138034	1006140164	7	3	0	2	1006147796	1006147828	3	0	0	1
10	Tbc	20010803144007	20020105091549	125	996849607	996849607	1	0	0	0	996875902	996875902	1	0	0	0	996967861	996967861	1	1	0	0
11	Kpjas	20010506173149	20110714103545	6302	989170309	989170309	1	0	0	0	990957006	990957006	1	0	0	0	991557466	991557466	1	0	0	0
12	Matthew Woodcraft	20011202215229	20110510203406	725	1007329949	1007336697	7	0	0	1	1007344959	1007344959	1	0	0	0	1007852954	1007852954	1	0	0	0
13	SteveSmith	20020124050249	20030520014515	82	1011848569	1011848569	1	0	0	0	1011879408	1011880799	5	0	0	0	1011892200	1011900596	10	1	0	0
14	RjLesch	20010727142501	20020708073228	872	996243901	996245695	4	1	0	0	996522629	996522629	1	0	0	0	996698056	996698374	2	0	0	0
15	Trelvis	20011213170430	20040906184834	673	1008263070	1008263442	2	1	0	0	1008279572	1008283623	6	3	0	0	1008287606	1008287606	1	0	0	0
16	General Wesc	20010805053252	20110403162228	1505	996989572	996989815	2	0	0	0	996994099	996998763	4	0	0	0	997040223	997044154	11	0	0	1
17	Peter Winnberg	20011110110118	20061124144257	464	1005390078	1005390078	1	0	0	0	1005586430	1005586639	2	1	0	0	1005596572	1005596572	1	0	0	0
18	MichaelTinkler	20010731150633	20020903033518	2468	996591993	996594597	2	0	0	0	996610359	996610359	1	0	0	0	996767279	996767279	1	0	0	0
19	Ignaciovicario	20020126191706	20020225154311	2	1012072626	1012072626	1	0	0	0	1014651791	1014651791	1	0	0	0	\N	\N	\N	\N	\N	\N
20	Pingos	20020113023235	20040311053834	17	1010889155	1010889303	4	2	0	1	1011038119	1011038119	1	0	0	0	1011044975	1011045028	3	0	0	3
21	Firepink	20020118155248	20020225155115	63	1011369168	1011371693	3	0	0	0	1011487743	1011487946	3	0	0	0	1011545356	1011546803	2	0	0	0
22	Luis Oliveira	20020124235009	20050130223105	27	1011916209	1011918167	4	0	0	0	1011965218	1011965218	1	0	0	0	1011969929	1011971575	3	0	0	0
23	Goran	20020225154311	20030221002037	11	1014651791	1014652275	4	2	0	0	1039118155	1039118752	4	0	0	0	1039135447	1039135447	1	0	0	0
